0000000000000000000000000000000000000000000000000000000000000001
1100000000000000000000000000000000000000000000000000000000000001
1001000000000000000000000000000000000000000000000000000000000000
1101110000000000000000000000000000000000000000000000000000000000
0110100100000000000000000000000000000000000000000000000000000000
0011110111000000000000000000000000000000000000000000000000000000
0001101010010000000000000000000000000000000000000000000000000000
0000111011011100000000000000000000000000000000000000000000000000
0000010101101001000000000000000000000000000000000000000000000000
0000010100111101110000000000000000000000000000000000000000000000
0000010110011010100100000000000000000000000000000000000000000000
0000010010001110110111000000000000000000000000000000000000000000
0000011011100101011010010000000000000000000000000000000000000000
0000001101000101001111011100000000000000000000000000000000000000
0000000111110101100110101001000000000000000000000000000000000000
0000000011101100100011101101110000000000000000000000000000000000
0000000001010100111001010110100100000000000000000000000000000000
0000000001010110010001010011110111000000000000000000000000000000
0000000001010010011101011001101010010000000000000000000000000000
0000000001011011001011001000111011011100000000000000000000000000
